UNITS=MM
#Layer_Color=9474304
#
#Feature symbol names
#
$0 r127

#
#Feature attribute names
#

#
#Layer features
#
L 29.97901802 190.09559898 31.77901442 190.09559898 0 P 0
L 29.97901802 206.0956 31.77901442 206.0956 0 P 0
L 29.97901802 222.09560102 31.77901442 222.09560102 0 P 0
L 30.27000042 267.716 35.76999958 267.716 0 P 0
L 30.27000042 327.406 35.76999958 327.406 0 P 0
L 30.27000042 175.514 35.76999958 175.514 0 P 0
L 30.3380013 238.76 31.6379987 238.76 0 P 0
L 30.87901622 189.19560078 30.87901622 190.99559718 0 P 0
L 30.87901622 205.1956018 30.87901622 206.9955982 0 P 0
L 30.87901622 221.19560282 30.87901622 222.99559922 0 P 0
L 30.988 238.1100013 30.988 239.4099987 0 P 0
L 31.74800102 292.735 32.76799898 292.735 0 P 0
L 31.74800102 295.275 32.76799898 295.275 0 P 0
L 31.74800102 335.915 32.76799898 335.915 0 P 0
L 31.74800102 338.455 32.76799898 338.455 0 P 0
L 31.96839936 311.88299828 32.67959936 311.88299828 0 P 0
L 32.258 292.22500102 32.258 293.24499898 0 P 0
L 32.258 294.76500102 32.258 295.78499898 0 P 0
L 32.258 335.40500102 32.258 336.42499898 0 P 0
L 32.258 337.94500102 32.258 338.96499898 0 P 0
L 32.32399936 311.52739828 32.32399936 312.23859828 0 P 0
L 33.02 264.96600042 33.02 270.46599958 0 P 0
L 33.02 324.65600042 33.02 330.15599958 0 P 0
L 33.02 172.76400042 33.02 178.26399958 0 P 0
L 34.28800102 292.735 35.30799898 292.735 0 P 0
L 34.28800102 295.275 35.30799898 295.275 0 P 0
L 34.28800102 335.915 35.30799898 335.915 0 P 0
L 34.28800102 338.455 35.30799898 338.455 0 P 0
L 34.798 292.22500102 34.798 293.24499898 0 P 0
L 34.798 294.76500102 34.798 295.78499898 0 P 0
L 34.798 335.40500102 34.798 336.42499898 0 P 0
L 34.798 337.94500102 34.798 338.96499898 0 P 0
L 35.33800146 238.76 36.63799886 238.76 0 P 0
L 35.98800016 238.1100013 35.98800016 239.4099987 0 P 0
L 36.82800102 292.735 37.84799898 292.735 0 P 0
L 36.82800102 295.275 37.84799898 295.275 0 P 0
L 36.82800102 335.915 37.84799898 335.915 0 P 0
L 36.82800102 338.455 37.84799898 338.455 0 P 0
L 37.338 292.22500102 37.338 293.24499898 0 P 0
L 37.338 294.76500102 37.338 295.78499898 0 P 0
L 37.338 335.40500102 37.338 336.42499898 0 P 0
L 37.338 337.94500102 37.338 338.96499898 0 P 0
L 37.7444 306.07 38.4556 306.07 0 P 0
L 38.1 305.7144 38.1 306.4256 0 P 0
L 39.36800102 292.735 40.38799898 292.735 0 P 0
L 39.36800102 295.275 40.38799898 295.275 0 P 0
L 39.36800102 335.915 40.38799898 335.915 0 P 0
L 39.36800102 338.455 40.38799898 338.455 0 P 0
L 39.878 292.22500102 39.878 293.24499898 0 P 0
L 39.878 294.76500102 39.878 295.78499898 0 P 0
L 39.878 335.40500102 39.878 336.42499898 0 P 0
L 39.878 337.94500102 39.878 338.96499898 0 P 0
L 40.33800162 238.76 41.63799902 238.76 0 P 0
L 40.98800032 238.1100013 40.98800032 239.4099987 0 P 0
L 41.90800102 292.735 42.92799898 292.735 0 P 0
L 41.90800102 295.275 42.92799898 295.275 0 P 0
L 41.90800102 335.915 42.92799898 335.915 0 P 0
L 41.90800102 338.455 42.92799898 338.455 0 P 0
L 42.418 292.22500102 42.418 293.24499898 0 P 0
L 42.418 294.76500102 42.418 295.78499898 0 P 0
L 42.418 335.40500102 42.418 336.42499898 0 P 0
L 42.418 337.94500102 42.418 338.96499898 0 P 0
L 42.57945256 311.71848756 43.29065256 311.71848756 0 P 0
L 42.93505256 311.36288756 42.93505256 312.07408756 0 P 0
L 44.41439936 315.43899828 45.12559936 315.43899828 0 P 0
L 44.44800102 292.735 45.46799898 292.735 0 P 0
L 44.44800102 295.275 45.46799898 295.275 0 P 0
L 44.44800102 335.915 45.46799898 335.915 0 P 0
L 44.44800102 338.455 45.46799898 338.455 0 P 0
L 44.66839936 313.40699828 45.37959936 313.40699828 0 P 0
L 44.76999936 315.08339828 44.76999936 315.79459828 0 P 0
L 44.8292728 310.61299828 45.5404728 310.61299828 0 P 0
L 44.958 292.22500102 44.958 293.24499898 0 P 0
L 44.958 294.76500102 44.958 295.78499898 0 P 0
L 44.958 335.40500102 44.958 336.42499898 0 P 0
L 44.958 337.94500102 44.958 338.96499898 0 P 0
L 45.02399936 313.05139828 45.02399936 313.76259828 0 P 0
L 45.1848728 310.25739828 45.1848728 310.96859828 0 P 0
L 46.98800102 292.735 48.00799898 292.735 0 P 0
L 46.98800102 295.275 48.00799898 295.275 0 P 0
L 46.98800102 335.915 48.00799898 335.915 0 P 0
L 46.98800102 338.455 48.00799898 338.455 0 P 0
L 47.498 292.22500102 47.498 293.24499898 0 P 0
L 47.498 294.76500102 47.498 295.78499898 0 P 0
L 47.498 335.40500102 47.498 336.42499898 0 P 0
L 47.498 337.94500102 47.498 338.96499898 0 P 0
L 49.52800102 292.735 50.54799898 292.735 0 P 0
L 49.52800102 295.275 50.54799898 295.275 0 P 0
L 49.52800102 335.915 50.54799898 335.915 0 P 0
L 49.52800102 338.455 50.54799898 338.455 0 P 0
L 50.038 292.22500102 50.038 293.24499898 0 P 0
L 50.038 294.76500102 50.038 295.78499898 0 P 0
L 50.038 335.40500102 50.038 336.42499898 0 P 0
L 50.038 337.94500102 50.038 338.96499898 0 P 0
L 255.06000042 267.716 260.55999958 267.716 0 P 0
L 255.1780012 298.45 256.3779988 298.45 0 P 0
L 255.4224 312.674 256.1336 312.674 0 P 0
L 255.778 297.8500012 255.778 299.0499988 0 P 0
L 255.778 312.3184 255.778 313.0296 0 P 0
L 257.81 264.96600042 257.81 270.46599958 0 P 0
L 260.5024 311.404 261.2136 311.404 0 P 0
L 260.858 311.0484 260.858 311.7596 0 P 0
L 262.7980012 278.13 263.9979988 278.13 0 P 0
L 262.7980012 298.45 263.9979988 298.45 0 P 0
L 263.398 277.5300012 263.398 278.7299988 0 P 0
L 263.398 297.8500012 263.398 299.0499988 0 P 0
L 266.3444 313.436 267.0556 313.436 0 P 0
L 266.7 313.0804 266.7 313.7916 0 P 0
L 274.06400102 292.735 275.08399898 292.735 0 P 0
L 274.06400102 295.275 275.08399898 295.275 0 P 0
L 274.06400102 335.915 275.08399898 335.915 0 P 0
L 274.06400102 338.455 275.08399898 338.455 0 P 0
L 274.574 292.22500102 274.574 293.24499898 0 P 0
L 274.574 294.76500102 274.574 295.78499898 0 P 0
L 274.574 335.40500102 274.574 336.42499898 0 P 0
L 274.574 337.94500102 274.574 338.96499898 0 P 0
L 274.9804 311.404 275.6916 311.404 0 P 0
L 275.2344 316.738 275.9456 316.738 0 P 0
L 275.336 311.0484 275.336 311.7596 0 P 0
L 275.59 316.3824 275.59 317.0936 0 P 0
L 276.60400102 292.735 277.62399898 292.735 0 P 0
L 276.60400102 295.275 277.62399898 295.275 0 P 0
L 276.60400102 335.915 277.62399898 335.915 0 P 0
L 276.60400102 338.455 277.62399898 338.455 0 P 0
L 277.114 292.22500102 277.114 293.24499898 0 P 0
L 277.114 294.76500102 277.114 295.78499898 0 P 0
L 277.114 335.40500102 277.114 336.42499898 0 P 0
L 277.114 337.94500102 277.114 338.96499898 0 P 0
L 279.14400102 292.735 280.16399898 292.735 0 P 0
L 279.14400102 295.275 280.16399898 295.275 0 P 0
L 279.14400102 335.915 280.16399898 335.915 0 P 0
L 279.14400102 338.455 280.16399898 338.455 0 P 0
L 279.654 292.22500102 279.654 293.24499898 0 P 0
L 279.654 294.76500102 279.654 295.78499898 0 P 0
L 279.654 335.40500102 279.654 336.42499898 0 P 0
L 279.654 337.94500102 279.654 338.96499898 0 P 0
L 281.305 307.34 281.813 307.34 0 P 0
L 281.559 307.086 281.559 307.594 0 P 0
L 281.68400102 292.735 282.70399898 292.735 0 P 0
L 281.68400102 295.275 282.70399898 295.275 0 P 0
L 281.68400102 335.915 282.70399898 335.915 0 P 0
L 281.68400102 338.455 282.70399898 338.455 0 P 0
L 282.194 292.22500102 282.194 293.24499898 0 P 0
L 282.194 294.76500102 282.194 295.78499898 0 P 0
L 282.194 335.40500102 282.194 336.42499898 0 P 0
L 282.194 337.94500102 282.194 338.96499898 0 P 0
L 284.22400102 292.735 285.24399898 292.735 0 P 0
L 284.22400102 295.275 285.24399898 295.275 0 P 0
L 284.22400102 335.915 285.24399898 335.915 0 P 0
L 284.22400102 338.455 285.24399898 338.455 0 P 0
L 284.734 292.22500102 284.734 293.24499898 0 P 0
L 284.734 294.76500102 284.734 295.78499898 0 P 0
L 284.734 335.40500102 284.734 336.42499898 0 P 0
L 284.734 337.94500102 284.734 338.96499898 0 P 0
L 285.6484 306.832 286.3596 306.832 0 P 0
L 285.6484 309.372 286.3596 309.372 0 P 0
L 286.004 306.4764 286.004 307.1876 0 P 0
L 286.004 309.0164 286.004 309.7276 0 P 0
L 286.3740018 258.50959982 288.1739982 258.50959982 0 P 0
L 286.3740018 174.50960018 288.1739982 174.50960018 0 P 0
L 286.3740018 195.00959982 288.1739982 195.00959982 0 P 0
L 286.3740018 206.41200018 288.1739982 206.41200018 0 P 0
L 286.3740018 226.91199982 288.1739982 226.91199982 0 P 0
L 286.3740018 238.00960018 288.1739982 238.00960018 0 P 0
L 286.76400102 292.735 287.78399898 292.735 0 P 0
L 286.76400102 295.275 287.78399898 295.275 0 P 0
L 286.76400102 335.915 287.78399898 335.915 0 P 0
L 286.76400102 338.455 287.78399898 338.455 0 P 0
L 287.274 257.60960162 287.274 259.40959802 0 P 0
L 287.274 292.22500102 287.274 293.24499898 0 P 0
L 287.274 294.76500102 287.274 295.78499898 0 P 0
L 287.274 335.40500102 287.274 336.42499898 0 P 0
L 287.274 337.94500102 287.274 338.96499898 0 P 0
L 287.274 173.60960198 287.274 175.40959838 0 P 0
L 287.274 194.10960162 287.274 195.90959802 0 P 0
L 287.274 205.51200198 287.274 207.31199838 0 P 0
L 287.274 226.01200162 287.274 227.81199802 0 P 0
L 287.274 237.10960198 287.274 238.90959838 0 P 0
L 289.30400102 292.735 290.32399898 292.735 0 P 0
L 289.30400102 295.275 290.32399898 295.275 0 P 0
L 289.30400102 335.915 290.32399898 335.915 0 P 0
L 289.30400102 338.455 290.32399898 338.455 0 P 0
L 289.814 292.22500102 289.814 293.24499898 0 P 0
L 289.814 294.76500102 289.814 295.78499898 0 P 0
L 289.814 335.40500102 289.814 336.42499898 0 P 0
L 289.814 337.94500102 289.814 338.96499898 0 P 0
L 291.84400102 292.735 292.86399898 292.735 0 P 0
L 291.84400102 295.275 292.86399898 295.275 0 P 0
L 291.84400102 335.915 292.86399898 335.915 0 P 0
L 291.84400102 338.455 292.86399898 338.455 0 P 0
L 292.354 292.22500102 292.354 293.24499898 0 P 0
L 292.354 294.76500102 292.354 295.78499898 0 P 0
L 292.354 335.40500102 292.354 336.42499898 0 P 0
L 292.354 337.94500102 292.354 338.96499898 0 P 0
L 294.38400102 292.735 295.40399898 292.735 0 P 0
L 294.38400102 295.275 295.40399898 295.275 0 P 0
L 294.38400102 335.915 295.40399898 335.915 0 P 0
L 294.38400102 338.455 295.40399898 338.455 0 P 0
L 294.894 292.22500102 294.894 293.24499898 0 P 0
L 294.894 294.76500102 294.894 295.78499898 0 P 0
L 294.894 335.40500102 294.894 336.42499898 0 P 0
L 294.894 337.94500102 294.894 338.96499898 0 P 0
L 296.8244 316.23 297.5356 316.23 0 P 0
L 296.92400102 292.735 297.94399898 292.735 0 P 0
L 296.92400102 295.275 297.94399898 295.275 0 P 0
L 296.92400102 335.915 297.94399898 335.915 0 P 0
L 296.92400102 338.455 297.94399898 338.455 0 P 0
L 297.18 315.8744 297.18 316.5856 0 P 0
L 297.434 292.22500102 297.434 293.24499898 0 P 0
L 297.434 294.76500102 297.434 295.78499898 0 P 0
L 297.434 335.40500102 297.434 336.42499898 0 P 0
L 297.434 337.94500102 297.434 338.96499898 0 P 0
L 297.8404 310.642 298.5516 310.642 0 P 0
L 298.196 310.2864 298.196 310.9976 0 P 0
L 299.3644 309.118 300.0756 309.118 0 P 0
L 299.72 308.7624 299.72 309.4736 0 P 0
L 304.3799602 312.2539602 304.8879602 312.2539602 0 P 0
L 304.6339602 311.9999602 304.6339602 312.5079602 0 P 0
L 305.08399994 308.61 305.59199994 308.61 0 P 0
L 305.33799994 308.356 305.33799994 308.864 0 P 0
L 310.2864 311.658 310.9976 311.658 0 P 0
L 310.642 311.3024 310.642 312.0136 0 P 0
L 313.8424 309.118 314.5536 309.118 0 P 0
L 314.198 308.7624 314.198 309.4736 0 P 0
L 316.1340007 277.622 316.8339993 277.622 0 P 0
L 316.484 277.2720007 316.484 277.9719993 0 P 0
L 323.7540007 277.622 324.4539993 277.622 0 P 0
L 323.94800336 190.09559898 325.74799976 190.09559898 0 P 0
L 323.94800336 206.0956 325.74799976 206.0956 0 P 0
L 323.94800336 222.09560102 325.74799976 222.09560102 0 P 0
L 324.104 277.2720007 324.104 277.9719993 0 P 0
L 324.84800156 189.19560078 324.84800156 190.99559718 0 P 0
L 324.84800156 205.1956018 324.84800156 206.9955982 0 P 0
L 324.84800156 221.19560282 324.84800156 222.99559922 0 P 0
L 335.29800098 238.76 336.59799838 238.76 0 P 0
L 335.94799968 238.1100013 335.94799968 239.4099987 0 P 0
L 339.64200042 276.86 345.14199958 276.86 0 P 0
L 340.15000042 327.406 345.64999958 327.406 0 P 0
L 340.15000042 175.26 345.64999958 175.26 0 P 0
L 340.29800114 238.76 341.59799854 238.76 0 P 0
L 340.94799984 238.1100013 340.94799984 239.4099987 0 P 0
L 342.392 274.11000042 342.392 279.60999958 0 P 0
L 342.9 324.65600042 342.9 330.15599958 0 P 0
L 342.9 172.51000042 342.9 178.00999958 0 P 0
L 345.0480018 190.09559898 346.8479982 190.09559898 0 P 0
L 345.0480018 206.0956 346.8479982 206.0956 0 P 0
L 345.0480018 222.09560102 346.8479982 222.09560102 0 P 0
L 345.2980013 238.76 346.5979987 238.76 0 P 0
L 345.948 189.19560078 345.948 190.99559718 0 P 0
L 345.948 205.1956018 345.948 206.9955982 0 P 0
L 345.948 221.19560282 345.948 222.99559922 0 P 0
L 345.948 238.1100013 345.948 239.4099987 0 P 0
L 51.07901646 190.09559898 52.87901286 190.09559898 0 P 0
L 51.07901646 206.0956 52.87901286 206.0956 0 P 0
L 51.07901646 222.09560102 52.87901286 222.09560102 0 P 0
L 51.97901466 189.19560078 51.97901466 190.99559718 0 P 0
L 51.97901466 205.1956018 51.97901466 206.9955982 0 P 0
L 51.97901466 221.19560282 51.97901466 222.99559922 0 P 0
L 52.06800102 292.735 53.08799898 292.735 0 P 0
L 52.06800102 295.275 53.08799898 295.275 0 P 0
L 52.06800102 335.915 53.08799898 335.915 0 P 0
L 52.06800102 338.455 53.08799898 338.455 0 P 0
L 52.578 292.22500102 52.578 293.24499898 0 P 0
L 52.578 294.76500102 52.578 295.78499898 0 P 0
L 52.578 335.40500102 52.578 336.42499898 0 P 0
L 52.578 337.94500102 52.578 338.96499898 0 P 0
L 54.60800102 292.735 55.62799898 292.735 0 P 0
L 54.60800102 295.275 55.62799898 295.275 0 P 0
L 54.60800102 335.915 55.62799898 335.915 0 P 0
L 54.60800102 338.455 55.62799898 338.455 0 P 0
L 55.118 292.22500102 55.118 293.24499898 0 P 0
L 55.118 294.76500102 55.118 295.78499898 0 P 0
L 55.118 335.40500102 55.118 336.42499898 0 P 0
L 55.118 337.94500102 55.118 338.96499898 0 P 0
L 57.49040064 313.71900172 58.20160064 313.71900172 0 P 0
L 57.84600064 313.36340172 57.84600064 314.07460172 0 P 0
L 58.6100936 310.80399612 59.3212936 310.80399612 0 P 0
L 58.9656936 310.44839612 58.9656936 311.15959612 0 P 0
L 63.9064 321.818 64.6176 321.818 0 P 0
L 64.05699914 311.15 64.56499914 311.15 0 P 0
L 64.262 321.4624 64.262 322.1736 0 P 0
L 64.31099914 310.896 64.31099914 311.404 0 P 0
L 66.1924 323.088 66.9036 323.088 0 P 0
L 66.548 322.7324 66.548 323.4436 0 P 0
L 69.04548802 313.97956254 69.75668802 313.97956254 0 P 0
L 69.40108802 313.62396254 69.40108802 314.33516254 0 P 0
L 72.7964 312.27300004 73.5076 312.27300004 0 P 0
L 73.152 311.91740004 73.152 312.62860004 0 P 0
L 88.39902564 258.50959982 90.19902204 258.50959982 0 P 0
L 88.39902564 174.50960018 90.19902204 174.50960018 0 P 0
L 88.39902564 195.00959982 90.19902204 195.00959982 0 P 0
L 88.39902564 206.41200018 90.19902204 206.41200018 0 P 0
L 88.39902564 226.91199982 90.19902204 226.91199982 0 P 0
L 88.39902564 238.00960018 90.19902204 238.00960018 0 P 0
L 89.29902384 257.60960162 89.29902384 259.40959802 0 P 0
L 89.29902384 173.60960198 89.29902384 175.40959838 0 P 0
L 89.29902384 194.10960162 89.29902384 195.90959802 0 P 0
L 89.29902384 205.51200198 89.29902384 207.31199838 0 P 0
L 89.29902384 226.01200162 89.29902384 227.81199802 0 P 0
L 89.29902384 237.10960198 89.29902384 238.90959838 0 P 0
L 112.5880019 334.518 114.4879981 334.518 0 P 0
L 113.1824 314.96 113.8936 314.96 0 P 0
L 113.538 314.6044 113.538 315.3156 0 P 0
L 113.538 333.5680019 113.538 335.4679981 0 P 0
L 114.2080012 278.13 115.4079988 278.13 0 P 0
L 114.2080012 298.45 115.4079988 298.45 0 P 0
L 114.4524 262.77199922 115.1636 262.77199922 0 P 0
L 114.808 262.41639922 114.808 263.12759922 0 P 0
L 114.808 277.5300012 114.808 278.7299988 0 P 0
L 114.808 297.8500012 114.808 299.0499988 0 P 0
L 115.9764 314.96 116.6876 314.96 0 P 0
L 116.332 314.6044 116.332 315.3156 0 P 0
L 121.8184 314.071 122.5296 314.071 0 P 0
L 121.8280012 298.45 123.0279988 298.45 0 P 0
L 122.174 313.7154 122.174 314.4266 0 P 0
L 122.428 297.8500012 122.428 299.0499988 0 P 0
L 124.05400132 307.848 125.37399868 307.848 0 P 0
L 124.54400288 198.882 126.34399928 198.882 0 P 0
L 124.714 307.18800132 124.714 308.50799868 0 P 0
L 125.26600042 267.716 130.76599958 267.716 0 P 0
L 125.26600042 174.244 130.76599958 174.244 0 P 0
L 125.44400108 197.9820018 125.44400108 199.7819982 0 P 0
L 125.56899956 226.314 126.83899956 226.314 0 P 0
L 126.20399956 225.679 126.20399956 226.949 0 P 0
L 128.016 264.96600042 128.016 270.46599958 0 P 0
L 128.016 171.49400042 128.016 176.99399958 0 P 0
L 129.4480012 278.13 130.6479988 278.13 0 P 0
L 129.4480012 298.45 130.6479988 298.45 0 P 0
L 130.048 277.5300012 130.048 278.7299988 0 P 0
L 130.048 297.8500012 130.048 299.0499988 0 P 0
L 130.65800132 316.484 131.97799868 316.484 0 P 0
L 130.91200132 320.802 132.23199868 320.802 0 P 0
L 131.318 315.82400132 131.318 317.14399868 0 P 0
L 131.572 320.14200132 131.572 321.46199868 0 P 0
L 133.7564 309.118 134.4676 309.118 0 P 0
L 134.112 308.7624 134.112 309.4736 0 P 0
L 136.28200074 331.216 137.02199926 331.216 0 P 0
L 136.28200074 332.486 137.02199926 332.486 0 P 0
L 136.652 330.84600074 136.652 331.58599926 0 P 0
L 136.652 332.11600074 136.652 332.85599926 0 P 0
L 137.55200074 331.216 138.29199926 331.216 0 P 0
L 137.55200074 332.486 138.29199926 332.486 0 P 0
L 137.922 330.84600074 137.922 331.58599926 0 P 0
L 137.922 332.11600074 137.922 332.85599926 0 P 0
L 138.27800132 316.738 139.59799868 316.738 0 P 0
L 138.27800132 320.802 139.59799868 320.802 0 P 0
L 138.82200074 331.216 139.56199926 331.216 0 P 0
L 138.82200074 332.486 139.56199926 332.486 0 P 0
L 138.938 316.07800132 138.938 317.39799868 0 P 0
L 138.938 320.14200132 138.938 321.46199868 0 P 0
L 139.192 330.84600074 139.192 331.58599926 0 P 0
L 139.192 332.11600074 139.192 332.85599926 0 P 0
L 140.09200074 331.216 140.83199926 331.216 0 P 0
L 140.09200074 332.486 140.83199926 332.486 0 P 0
L 140.462 330.84600074 140.462 331.58599926 0 P 0
L 140.462 332.11600074 140.462 332.85599926 0 P 0
L 140.86400072 198.882 142.66399712 198.882 0 P 0
L 140.8780012 278.13 142.0779988 278.13 0 P 0
L 140.8780012 298.45 142.0779988 298.45 0 P 0
L 141.1224 262.382 141.8336 262.382 0 P 0
L 141.36200074 331.216 142.10199926 331.216 0 P 0
L 141.36200074 332.486 142.10199926 332.486 0 P 0
L 141.478 262.0264 141.478 262.7376 0 P 0
L 141.478 277.5300012 141.478 278.7299988 0 P 0
L 141.478 297.8500012 141.478 299.0499988 0 P 0
L 141.732 330.84600074 141.732 331.58599926 0 P 0
L 141.732 332.11600074 141.732 332.85599926 0 P 0
L 141.76399892 197.9820018 141.76399892 199.7819982 0 P 0
L 142.63200074 331.216 143.37199926 331.216 0 P 0
L 142.63200074 332.486 143.37199926 332.486 0 P 0
L 143.002 330.84600074 143.002 331.58599926 0 P 0
L 143.002 332.11600074 143.002 332.85599926 0 P 0
L 143.09499956 242.316 144.36499956 242.316 0 P 0
L 143.72999956 241.681 143.72999956 242.951 0 P 0
L 143.90200074 331.216 144.64199926 331.216 0 P 0
L 143.90200074 332.486 144.64199926 332.486 0 P 0
L 143.9164 312.166 144.6276 312.166 0 P 0
L 144.272 311.8104 144.272 312.5216 0 P 0
L 144.272 330.84600074 144.272 331.58599926 0 P 0
L 144.272 332.11600074 144.272 332.85599926 0 P 0
L 145.17200074 331.216 145.91199926 331.216 0 P 0
L 145.17200074 332.486 145.91199926 332.486 0 P 0
L 145.542 330.84600074 145.542 331.58599926 0 P 0
L 145.542 332.11600074 145.542 332.85599926 0 P 0
L 145.88000288 198.882 147.67999928 198.882 0 P 0
L 146.44200074 331.216 147.18199926 331.216 0 P 0
L 146.44200074 332.486 147.18199926 332.486 0 P 0
L 146.78000108 197.9820018 146.78000108 199.7819982 0 P 0
L 146.812 330.84600074 146.812 331.58599926 0 P 0
L 146.812 332.11600074 146.812 332.85599926 0 P 0
L 147.71200074 331.216 148.45199926 331.216 0 P 0
L 147.71200074 332.486 148.45199926 332.486 0 P 0
L 148.082 330.84600074 148.082 331.58599926 0 P 0
L 148.082 332.11600074 148.082 332.85599926 0 P 0
L 148.4980012 298.45 149.6979988 298.45 0 P 0
L 148.98200074 331.216 149.72199926 331.216 0 P 0
L 148.98200074 332.486 149.72199926 332.486 0 P 0
L 149.098 297.8500012 149.098 299.0499988 0 P 0
L 149.11600098 172.466 150.41599838 172.466 0 P 0
L 149.352 330.84600074 149.352 331.58599926 0 P 0
L 149.352 332.11600074 149.352 332.85599926 0 P 0
L 149.76599968 171.8160013 149.76599968 173.1159987 0 P 0
L 150.25200074 331.216 150.99199926 331.216 0 P 0
L 150.25200074 332.486 150.99199926 332.486 0 P 0
L 150.622 330.84600074 150.622 331.58599926 0 P 0
L 150.622 332.11600074 150.622 332.85599926 0 P 0
L 151.23200132 308.102 152.55199868 308.102 0 P 0
L 151.52200074 331.216 152.26199926 331.216 0 P 0
L 151.52200074 332.486 152.26199926 332.486 0 P 0
L 151.892 307.44200132 151.892 308.76199868 0 P 0
L 151.892 330.84600074 151.892 331.58599926 0 P 0
L 151.892 332.11600074 151.892 332.85599926 0 P 0
L 152.79200074 331.216 153.53199926 331.216 0 P 0
L 152.79200074 332.486 153.53199926 332.486 0 P 0
L 153.06900044 226.314 154.33900044 226.314 0 P 0
L 153.162 330.84600074 153.162 331.58599926 0 P 0
L 153.162 332.11600074 153.162 332.85599926 0 P 0
L 153.5684 311.912 154.2796 311.912 0 P 0
L 153.70400044 225.679 153.70400044 226.949 0 P 0
L 153.924 311.5564 153.924 312.2676 0 P 0
L 154.06200074 331.216 154.80199926 331.216 0 P 0
L 154.06200074 332.486 154.80199926 332.486 0 P 0
L 154.11600114 172.466 155.41599854 172.466 0 P 0
L 154.432 330.84600074 154.432 331.58599926 0 P 0
L 154.432 332.11600074 154.432 332.85599926 0 P 0
L 154.76599984 171.8160013 154.76599984 173.1159987 0 P 0
L 155.33200074 331.216 156.07199926 331.216 0 P 0
L 155.33200074 332.486 156.07199926 332.486 0 P 0
L 155.702 330.84600074 155.702 331.58599926 0 P 0
L 155.702 332.11600074 155.702 332.85599926 0 P 0
L 156.1180012 278.13 157.3179988 278.13 0 P 0
L 156.1180012 298.45 157.3179988 298.45 0 P 0
L 156.55699956 258.826 157.82699956 258.826 0 P 0
L 156.60200074 331.216 157.34199926 331.216 0 P 0
L 156.60200074 332.486 157.34199926 332.486 0 P 0
L 156.718 277.5300012 156.718 278.7299988 0 P 0
L 156.718 297.8500012 156.718 299.0499988 0 P 0
L 156.972 330.84600074 156.972 331.58599926 0 P 0
L 156.972 332.11600074 156.972 332.85599926 0 P 0
L 157.19199956 258.191 157.19199956 259.461 0 P 0
L 157.87200074 331.216 158.61199926 331.216 0 P 0
L 157.87200074 332.486 158.61199926 332.486 0 P 0
L 158.242 330.84600074 158.242 331.58599926 0 P 0
L 158.242 332.11600074 158.242 332.85599926 0 P 0
L 159.1160013 172.466 160.4159987 172.466 0 P 0
L 159.14200074 331.216 159.88199926 331.216 0 P 0
L 159.14200074 332.486 159.88199926 332.486 0 P 0
L 159.1564 327.406 159.8676 327.406 0 P 0
L 159.512 327.0504 159.512 327.7616 0 P 0
L 159.512 330.84600074 159.512 331.58599926 0 P 0
L 159.512 332.11600074 159.512 332.85599926 0 P 0
L 159.766 171.8160013 159.766 173.1159987 0 P 0
L 160.41200074 331.216 161.15199926 331.216 0 P 0
L 160.41200074 332.486 161.15199926 332.486 0 P 0
L 160.782 330.84600074 160.782 331.58599926 0 P 0
L 160.782 332.11600074 160.782 332.85599926 0 P 0
L 161.68200074 331.216 162.42199926 331.216 0 P 0
L 161.68200074 332.486 162.42199926 332.486 0 P 0
L 162.052 330.84600074 162.052 331.58599926 0 P 0
L 162.052 332.11600074 162.052 332.85599926 0 P 0
L 162.20000072 198.882 163.99999712 198.882 0 P 0
L 162.95200074 331.216 163.69199926 331.216 0 P 0
L 162.95200074 332.486 163.69199926 332.486 0 P 0
L 163.09999892 197.9820018 163.09999892 199.7819982 0 P 0
L 163.322 330.84600074 163.322 331.58599926 0 P 0
L 163.322 332.11600074 163.322 332.85599926 0 P 0
L 164.22200074 331.216 164.96199926 331.216 0 P 0
L 164.22200074 332.486 164.96199926 332.486 0 P 0
L 164.592 330.84600074 164.592 331.58599926 0 P 0
L 164.592 332.11600074 164.592 332.85599926 0 P 0
L 165.49200074 331.216 166.23199926 331.216 0 P 0
L 165.49200074 332.486 166.23199926 332.486 0 P 0
L 165.862 330.84600074 165.862 331.58599926 0 P 0
L 165.862 332.11600074 165.862 332.85599926 0 P 0
L 166.76200074 331.216 167.50199926 331.216 0 P 0
L 166.76200074 332.486 167.50199926 332.486 0 P 0
L 167.132 330.84600074 167.132 331.58599926 0 P 0
L 167.132 332.11600074 167.132 332.85599926 0 P 0
L 167.47000288 198.882 169.26999928 198.882 0 P 0
L 167.5480012 278.13 168.7479988 278.13 0 P 0
L 167.5480012 298.45 168.7479988 298.45 0 P 0
L 168.148 277.5300012 168.148 278.7299988 0 P 0
L 168.148 297.8500012 168.148 299.0499988 0 P 0
L 168.37000108 197.9820018 168.37000108 199.7819982 0 P 0
L 170.59500044 242.316 171.86500044 242.316 0 P 0
L 171.23000044 241.681 171.23000044 242.951 0 P 0
L 171.55200132 322.834 172.87199868 322.834 0 P 0
L 171.80600132 318.77 173.12599868 318.77 0 P 0
L 172.212 322.17400132 172.212 323.49399868 0 P 0
L 172.466 318.11000132 172.466 319.42999868 0 P 0
L 175.1680012 298.45 176.3679988 298.45 0 P 0
L 175.768 297.8500012 175.768 299.0499988 0 P 0
L 176.12400132 307.848 177.44399868 307.848 0 P 0
L 176.784 307.18800132 176.784 308.50799868 0 P 0
L 178.91800132 318.77 180.23799868 318.77 0 P 0
L 178.91800132 322.834 180.23799868 322.834 0 P 0
L 179.578 318.11000132 179.578 319.42999868 0 P 0
L 179.578 322.17400132 179.578 323.49399868 0 P 0
L 179.7304 309.626 180.4416 309.626 0 P 0
L 180.086 309.2704 180.086 309.9816 0 P 0
L 182.7880012 278.13 183.9879988 278.13 0 P 0
L 182.7880012 298.45 183.9879988 298.45 0 P 0
L 183.388 277.5300012 183.388 278.7299988 0 P 0
L 183.388 297.8500012 183.388 299.0499988 0 P 0
L 183.79000072 198.882 185.58999712 198.882 0 P 0
L 184.05700044 258.826 185.32700044 258.826 0 P 0
L 184.68999892 197.9820018 184.68999892 199.7819982 0 P 0
L 184.69200044 258.191 184.69200044 259.461 0 P 0
L 187.6044 309.372 188.3156 309.372 0 P 0
L 187.96 309.0164 187.96 309.7276 0 P 0
L 189.83099956 258.826 191.10099956 258.826 0 P 0
L 190.46599956 258.191 190.46599956 259.461 0 P 0
L 191.09200288 198.882 192.89199928 198.882 0 P 0
L 191.99200108 197.9820018 191.99200108 199.7819982 0 P 0
L 194.2180012 278.13 195.4179988 278.13 0 P 0
L 194.2180012 298.45 195.4179988 298.45 0 P 0
L 194.818 277.5300012 194.818 278.7299988 0 P 0
L 194.818 297.8500012 194.818 299.0499988 0 P 0
L 194.92000132 336.55 196.23999868 336.55 0 P 0
L 194.92000132 341.376 196.23999868 341.376 0 P 0
L 195.58 335.89000132 195.58 337.20999868 0 P 0
L 195.58 340.71600132 195.58 342.03599868 0 P 0
L 201.27000132 309.118 202.58999868 309.118 0 P 0
L 201.8380012 298.45 203.0379988 298.45 0 P 0
L 201.93 308.45800132 201.93 309.77799868 0 P 0
L 202.438 297.8500012 202.438 299.0499988 0 P 0
L 204.35400074 331.216 205.09399926 331.216 0 P 0
L 204.35400074 332.486 205.09399926 332.486 0 P 0
L 204.724 330.84600074 204.724 331.58599926 0 P 0
L 204.724 332.11600074 204.724 332.85599926 0 P 0
L 205.62400074 331.216 206.36399926 331.216 0 P 0
L 205.62400074 332.486 206.36399926 332.486 0 P 0
L 205.6384 309.626 206.3496 309.626 0 P 0
L 205.994 309.2704 205.994 309.9816 0 P 0
L 205.994 330.84600074 205.994 331.58599926 0 P 0
L 205.994 332.11600074 205.994 332.85599926 0 P 0
L 206.89400074 331.216 207.63399926 331.216 0 P 0
L 206.89400074 332.486 207.63399926 332.486 0 P 0
L 207.264 330.84600074 207.264 331.58599926 0 P 0
L 207.264 332.11600074 207.264 332.85599926 0 P 0
L 207.41200072 198.882 209.21199712 198.882 0 P 0
L 208.11899956 242.316 209.38899956 242.316 0 P 0
L 208.16400074 331.216 208.90399926 331.216 0 P 0
L 208.16400074 332.486 208.90399926 332.486 0 P 0
L 208.31199892 197.9820018 208.31199892 199.7819982 0 P 0
L 208.534 330.84600074 208.534 331.58599926 0 P 0
L 208.534 332.11600074 208.534 332.85599926 0 P 0
L 208.75399956 241.681 208.75399956 242.951 0 P 0
L 209.43400074 331.216 210.17399926 331.216 0 P 0
L 209.43400074 332.486 210.17399926 332.486 0 P 0
L 209.4580012 278.13 210.6579988 278.13 0 P 0
L 209.4580012 298.45 210.6579988 298.45 0 P 0
L 209.804 330.84600074 209.804 331.58599926 0 P 0
L 209.804 332.11600074 209.804 332.85599926 0 P 0
L 210.058 277.5300012 210.058 278.7299988 0 P 0
L 210.058 297.8500012 210.058 299.0499988 0 P 0
L 210.70400074 331.216 211.44399926 331.216 0 P 0
L 210.70400074 332.486 211.44399926 332.486 0 P 0
L 211.074 330.84600074 211.074 331.58599926 0 P 0
L 211.074 332.11600074 211.074 332.85599926 0 P 0
L 211.97400074 331.216 212.71399926 331.216 0 P 0
L 211.97400074 332.486 212.71399926 332.486 0 P 0
L 212.344 330.84600074 212.344 331.58599926 0 P 0
L 212.344 332.11600074 212.344 332.85599926 0 P 0
L 212.42800288 198.882 214.22799928 198.882 0 P 0
L 213.24400074 331.216 213.98399926 331.216 0 P 0
L 213.24400074 332.486 213.98399926 332.486 0 P 0
L 213.32800108 197.9820018 213.32800108 199.7819982 0 P 0
L 213.614 330.84600074 213.614 331.58599926 0 P 0
L 213.614 332.11600074 213.614 332.85599926 0 P 0
L 214.51400074 331.216 215.25399926 331.216 0 P 0
L 214.51400074 332.486 215.25399926 332.486 0 P 0
L 214.884 330.84600074 214.884 331.58599926 0 P 0
L 214.884 332.11600074 214.884 332.85599926 0 P 0
L 215.78400074 331.216 216.52399926 331.216 0 P 0
L 215.78400074 332.486 216.52399926 332.486 0 P 0
L 216.154 330.84600074 216.154 331.58599926 0 P 0
L 216.154 332.11600074 216.154 332.85599926 0 P 0
L 216.42600098 172.72 217.72599838 172.72 0 P 0
L 217.05400074 331.216 217.79399926 331.216 0 P 0
L 217.05400074 332.486 217.79399926 332.486 0 P 0
L 217.07599968 172.0700013 217.07599968 173.3699987 0 P 0
L 217.33100044 258.826 218.60100044 258.826 0 P 0
L 217.424 330.84600074 217.424 331.58599926 0 P 0
L 217.424 332.11600074 217.424 332.85599926 0 P 0
L 217.96600044 258.191 217.96600044 259.461 0 P 0
L 218.32400074 331.216 219.06399926 331.216 0 P 0
L 218.32400074 332.486 219.06399926 332.486 0 P 0
L 218.694 330.84600074 218.694 331.58599926 0 P 0
L 218.694 332.11600074 218.694 332.85599926 0 P 0
L 219.59400074 331.216 220.33399926 331.216 0 P 0
L 219.59400074 332.486 220.33399926 332.486 0 P 0
L 219.964 330.84600074 219.964 331.58599926 0 P 0
L 219.964 332.11600074 219.964 332.85599926 0 P 0
L 220.86400074 331.216 221.60399926 331.216 0 P 0
L 220.86400074 332.486 221.60399926 332.486 0 P 0
L 220.8880012 278.13 222.0879988 278.13 0 P 0
L 220.8880012 298.45 222.0879988 298.45 0 P 0
L 221.234 330.84600074 221.234 331.58599926 0 P 0
L 221.234 332.11600074 221.234 332.85599926 0 P 0
L 221.42600114 172.72 222.72599854 172.72 0 P 0
L 221.488 277.5300012 221.488 278.7299988 0 P 0
L 221.488 297.8500012 221.488 299.0499988 0 P 0
L 222.07599984 172.0700013 222.07599984 173.3699987 0 P 0
L 222.13400074 331.216 222.87399926 331.216 0 P 0
L 222.13400074 332.486 222.87399926 332.486 0 P 0
L 222.504 330.84600074 222.504 331.58599926 0 P 0
L 222.504 332.11600074 222.504 332.85599926 0 P 0
L 222.85099956 226.314 224.12099956 226.314 0 P 0
L 223.1644 262.382 223.8756 262.382 0 P 0
L 223.40400074 331.216 224.14399926 331.216 0 P 0
L 223.40400074 332.486 224.14399926 332.486 0 P 0
L 223.48599956 225.679 223.48599956 226.949 0 P 0
L 223.52 262.0264 223.52 262.7376 0 P 0
L 223.774 330.84600074 223.774 331.58599926 0 P 0
L 223.774 332.11600074 223.774 332.85599926 0 P 0
L 224.67400074 331.216 225.41399926 331.216 0 P 0
L 224.67400074 332.486 225.41399926 332.486 0 P 0
L 225.044 330.84600074 225.044 331.58599926 0 P 0
L 225.044 332.11600074 225.044 332.85599926 0 P 0
L 225.94400074 331.216 226.68399926 331.216 0 P 0
L 225.94400074 332.486 226.68399926 332.486 0 P 0
L 226.314 330.84600074 226.314 331.58599926 0 P 0
L 226.314 332.11600074 226.314 332.85599926 0 P 0
L 226.4260013 172.72 227.7259987 172.72 0 P 0
L 227.076 172.0700013 227.076 173.3699987 0 P 0
L 227.21400074 331.216 227.95399926 331.216 0 P 0
L 227.21400074 332.486 227.95399926 332.486 0 P 0
L 227.584 330.84600074 227.584 331.58599926 0 P 0
L 227.584 332.11600074 227.584 332.85599926 0 P 0
L 227.94000132 309.372 229.25999868 309.372 0 P 0
L 228.48400074 331.216 229.22399926 331.216 0 P 0
L 228.48400074 332.486 229.22399926 332.486 0 P 0
L 228.5080012 298.45 229.7079988 298.45 0 P 0
L 228.6 308.71200132 228.6 310.03199868 0 P 0
L 228.74800072 198.882 230.54799712 198.882 0 P 0
L 228.854 330.84600074 228.854 331.58599926 0 P 0
L 228.854 332.11600074 228.854 332.85599926 0 P 0
L 229.108 297.8500012 229.108 299.0499988 0 P 0
L 229.64799892 197.9820018 229.64799892 199.7819982 0 P 0
L 229.75400074 331.216 230.49399926 331.216 0 P 0
L 229.75400074 332.486 230.49399926 332.486 0 P 0
L 230.124 330.84600074 230.124 331.58599926 0 P 0
L 230.124 332.11600074 230.124 332.85599926 0 P 0
L 231.02400074 331.216 231.76399926 331.216 0 P 0
L 231.02400074 332.486 231.76399926 332.486 0 P 0
L 231.394 330.84600074 231.394 331.58599926 0 P 0
L 231.394 332.11600074 231.394 332.85599926 0 P 0
L 232.29281456 309.56857568 233.00401456 309.56857568 0 P 0
L 232.29400074 331.216 233.03399926 331.216 0 P 0
L 232.29400074 332.486 233.03399926 332.486 0 P 0
L 232.64841456 309.21297568 232.64841456 309.92417568 0 P 0
L 232.664 330.84600074 232.664 331.58599926 0 P 0
L 232.664 332.11600074 232.664 332.85599926 0 P 0
L 233.56400074 331.216 234.30399926 331.216 0 P 0
L 233.56400074 332.486 234.30399926 332.486 0 P 0
L 233.76400288 198.882 235.56399928 198.882 0 P 0
L 233.934 330.84600074 233.934 331.58599926 0 P 0
L 233.934 332.11600074 233.934 332.85599926 0 P 0
L 234.66400108 197.9820018 234.66400108 199.7819982 0 P 0
L 234.83400074 331.216 235.57399926 331.216 0 P 0
L 234.83400074 332.486 235.57399926 332.486 0 P 0
L 235.204 330.84600074 235.204 331.58599926 0 P 0
L 235.204 332.11600074 235.204 332.85599926 0 P 0
L 235.61900044 242.316 236.88900044 242.316 0 P 0
L 236.1280012 278.13 237.3279988 278.13 0 P 0
L 236.1280012 298.45 237.3279988 298.45 0 P 0
L 236.25400044 241.681 236.25400044 242.951 0 P 0
L 236.728 277.5300012 236.728 278.7299988 0 P 0
L 236.728 297.8500012 236.728 299.0499988 0 P 0
L 243.43400132 336.296 244.75399868 336.296 0 P 0
L 243.43400132 341.122 244.75399868 341.122 0 P 0
L 244.094 335.63600132 244.094 336.95599868 0 P 0
L 244.094 340.46200132 244.094 341.78199868 0 P 0
L 245.66200042 174.498 251.16199958 174.498 0 P 0
L 246.2784 320.548 246.9896 320.548 0 P 0
L 246.634 320.1924 246.634 320.9036 0 P 0
L 247.5580012 278.13 248.7579988 278.13 0 P 0
L 247.5580012 298.45 248.7579988 298.45 0 P 0
L 247.8024 262.89 248.5136 262.89 0 P 0
L 248.158 262.5344 248.158 263.2456 0 P 0
L 248.158 277.5300012 248.158 278.7299988 0 P 0
L 248.158 297.8500012 248.158 299.0499988 0 P 0
L 248.412 171.74800042 248.412 177.24799958 0 P 0
L 249.0724 320.548 249.7836 320.548 0 P 0
L 249.428 320.1924 249.428 320.9036 0 P 0
L 250.08400072 198.882 251.88399712 198.882 0 P 0
L 250.35100044 226.314 251.62100044 226.314 0 P 0
L 250.98399892 197.9820018 250.98399892 199.7819982 0 P 0
L 250.98600044 225.679 250.98600044 226.949 0 P 0
L 253.08600132 309.88 254.40599868 309.88 0 P 0
L 253.746 309.22000132 253.746 310.53999868 0 P 0
